15.2915 -2.82265 -10.7974 -3.17203 -1.82711 4.28021 -0.454023 0.282128 0.410231 -0.000584416 0.0184743 0.0155812 -0.0348203 -0.0433514 -0.178125 -0.0477127 0.0505851 0.207068 -0.0241518 0.0909067 0.123711 -0.0390271 -0.104627 -0.162964 -0.0140521 -0.0326123 -0.113097 -0.0131537 0.044104 0.10505 -0.000122494 -0.00632139 -0.00908397 -0.0367769 -0.0860931 -0.167369 -0.00206213 -0.0155289 -0.0426231 -0.00306786 0.0267893 0.0483816 0 0 0 0 0 0 0 -0 -0 0 -0 -0 0 -0 -0 0 -0 -0 0 -0 -0 0 -0 -0 0 -0 -0 0 -0 -0 0 -0 -0 0 -0 -0 0 -0 -0 0 -0 -0 0 -0 -0 0 -0 -0 0 -0 -0 0 -0 -0 -0.233292 0.262293 0.331767 0 -0 -0 0 -0 -0 0 -0 -0 0 -0 -0 0 -0 -0 0 -0 -0 -0.0148494 0.10426 0.0613089 -0.0675809 0.193229 0.160238 -0.196863 0.308834 0.250459 -0.362649 0.314763 0.363399 -0.475812 0.357131 0.349103 0 -0 -0 0 -0 -0 0 -0 -0 0 -0 -0 0 -0 -0 0 -0 -0 0 -0 -0 0 -0 -0 0 -0 -0 0 -0 -0 0 -0 -0 0 -0 -0 0 -0 -0 0 -0 -0 -0.516879 0.447973 0.22144 -0.688321 0.381274 0.262993 -0.65623 0.429348 0.203106 -0.544982 0.496464 0.0387323 -0.656874 0.474676 0.00853619 0 -0 -0 0 -0 -0 0 -0 -0 0 -0 -0 0 -0 -0 0 -0 -0 0 -0 -0 0 -0 -0 0 -0 -0 0 -0 -0 0 -0 -0 0 -0 -0 0 -0 -0 0 -0 -0 -0.197626 0.00404861 0.398188 -0.104355 -0.0133484 0.305429 -0.193125 0.0444487 0.39224 -0.377548 0.0309067 0.483787 -0.593087 -0.0206253 0.490825 -0.48692 -0.156873 0.474573 -0.347525 -0.152279 0.451179 -0.559732 -0.13242 0.478432 -0.805252 -0.0794269 0.387959 -0.861253 0.159807 0.306526 -0.908671 0.258561 0.127021 -0.824404 0.380188 -0.0148007 -0.776084 0.332078 -0.251995 
-2.82265 8.51734 4.14675 -1.82711 -1.05243 2.46543 0.282128 -0.175314 -0.254916 0.0184743 -0.584002 -0.492547 -0.0433514 -0.0539727 -0.221766 0.0505851 -0.0536304 -0.219534 0.0909067 -0.342171 -0.465646 -0.104627 -0.28049 -0.436885 -0.0326123 -0.0756872 -0.262479 0.044104 -0.14788 -0.35223 -0.00632139 -0.326221 -0.468787 -0.0860931 -0.201541 -0.391803 -0.0155289 -0.116941 -0.320975 0.0267893 -0.23393 -0.42248 0 0 0 0 0 0 -0 0 0 -0 0 0 -0 0 0 -0 0 0 -0 0 0 -0 0 0 -0 0 0 -0 0 0 -0 0 0 -0 0 0 -0 0 0 -0 0 0 -0 0 0 -0 0 0 -0 0 0 -0 0 0 0.262293 -0.294898 -0.373009 -0 0 0 -0 0 0 -0 0 0 -0 0 0 -0 0 0 -0 0 0 0.10426 -0.732024 -0.430459 0.193229 -0.552484 -0.458157 0.308834 -0.484492 -0.392913 0.314763 -0.273201 -0.315414 0.357131 -0.268051 -0.262026 -0 0 0 -0 0 0 -0 0 0 -0 0 0 -0 0 0 -0 0 0 -0 0 0 -0 0 0 -0 0 0 -0 0 0 -0 0 0 -0 0 0 -0 0 0 -0 0 0 0.447973 -0.388252 -0.191919 0.381274 -0.211194 -0.145677 0.429348 -0.280908 -0.132886 0.496464 -0.452265 -0.0352841 0.474676 -0.343015 -0.00616851 -0 0 0 -0 0 0 -0 0 0 -0 0 0 -0 0 0 -0 0 0 -0 0 0 -0 0 0 -0 0 0 -0 0 0 -0 0 0 -0 0 0 -0 0 0 -0 0 0 0.00404861 -8.29409e-05 -0.00815738 -0.0133484 -0.00170743 0.0390684 0.0444487 -0.0102301 -0.090276 0.0309067 -0.00253007 -0.0396036 -0.0206253 -0.000717272 0.0170691 -0.156873 -0.0505405 0.152895 -0.152279 -0.0667256 0.197698 -0.13242 -0.0313277 0.113186 -0.0794269 -0.00783436 0.0382668 0.159807 -0.0296525 -0.0568764 0.258561 -0.073573 -0.0361437 0.380188 -0.17533 0.00682559 0.332078 -0.142093 0.107826 
-10.7974 4.14675 22.1912 4.28021 2.46543 -5.77554 0.410231 -0.254916 -0.370663 0.0155812 -0.492547 -0.415413 -0.178125 -0.221766 -0.911207 0.207068 -0.219534 -0.898657 0.123711 -0.465646 -0.633677 -0.162964 -0.436885 -0.680483 -0.113097 -0.262479 -0.910261 0.10505 -0.35223 -0.838966 -0.00908397 -0.468787 -0.673657 -0.167369 -0.391803 -0.761683 -0.0426231 -0.320975 -0.880997 0.0483816 -0.42248 -0.763002 0 0 0 0 0 0 -0 0 0 -0 0 0 -0 0 0 -0 0 0 -0 0 0 -0 0 0 -0 0 0 -0 0 0 -0 0 0 -0 0 0 -0 0 0 -0 0 0 -0 0 0 -0 0 0 -0 0 0 -0 0 0 0.331767 -0.373009 -0.47181 -0 0 0 -0 0 0 -0 0 0 -0 0 0 -0 0 0 -0 0 0 0.0613089 -0.430459 -0.253127 0.160238 -0.458157 -0.379935 0.250459 -0.392913 -0.318645 0.363399 -0.315414 -0.36415 0.349103 -0.262026 -0.256136 -0 0 0 -0 0 0 -0 0 0 -0 0 0 -0 0 0 -0 0 0 -0 0 0 -0 0 0 -0 0 0 -0 0 0 -0 0 0 -0 0 0 -0 0 0 -0 0 0 0.22144 -0.191919 -0.0948683 0.262993 -0.145677 -0.100484 0.203106 -0.132886 -0.0628625 0.0387323 -0.0352841 -0.00275274 0.00853619 -0.00616851 -0.000110929 -0 0 0 -0 0 0 -0 0 0 -0 0 0 -0 0 0 -0 0 0 -0 0 0 -0 0 0 -0 0 0 -0 0 0 -0 0 0 -0 0 0 -0 0 0 -0 0 0 0.398188 -0.00815738 -0.802291 0.305429 0.0390684 -0.893938 0.39224 -0.090276 -0.796645 0.483787 -0.0396036 -0.619922 0.490825 0.0170691 -0.406196 0.474573 0.152895 -0.46254 0.451179 0.197698 -0.58575 0.478432 0.113186 -0.40894 0.387959 0.0382668 -0.186914 0.306526 -0.0568764 -0.109095 0.127021 -0.0361437 -0.017756 -0.0148007 0.00682559 -0.000265719 -0.251995 0.107826 -0.0818229 
-3.17203 -1.82711 4.28021 18.5303 -7.70205 -8.69775 -1.41055 3.46695 0.310044 -0.141063 -0.347563 -0.0190774 -0.411733 -0.332226 -0.363091 -0.00250174 -0.0264679 -0.0423666 -0.00560967 -0.061194 -0.0428193 -0.183051 -0.294858 -0.250203 -0.117596 -0.150113 -0.285014 -0.00228372 -0.0266021 -0.0396337 -0.0277791 -0.118374 -0.113996 -0.120856 -0.196248 -0.260263 -0.033646 -0.0840983 -0.159504 -0.00362575 -0.0362108 -0.0479728 -0.0487993 -0.140834 -0.163045 0 0 0 0 0 0 0 0 0 0 -0 -0 0 -0 -0 0 -0 -0 0 -0 -0 0 -0 -0 0 -0 -0 0 -0 -0 0 -0 -0 0 -0 -0 0 -0 -0 0 -0 -0 0 -0 -0 -0.494307 0.299815 0.400099 -0.308692 0.304463 0.347424 -0.174664 0.283874 0.252136 -0.152129 0.309712 0.181836 0 -0 -0 0 -0 -0 0 -0 -0 0 -0 -0 0 0 0 -4.47055e-06 0.00198339 0.000732582 -0.0211071 0.125814 0.0695164 -0.111252 0.282714 0.13765 -0.287909 0.371162 0.259337 -0.416163 0.422231 0.254347 -0.558058 0.404537 0.288061 0 -0 -0 0 -0 -0 0 -0 -0 0 -0 -0 0 -0 -0 0 -0 -0 0 -0 -0 0 -0 -0 0 -0 -0 0 -0 -0 0 -0 -0 0 -0 -0 -0.516942 0.486074 0.115952 -0.415639 0.482588 0.0999583 -0.611384 0.472732 0.118821 -0.506515 0.499748 0.0144736 -0.363316 0.471485 -0.0949719 -0.508479 0.486344 -0.115748 -0.38895 0.483566 -0.0618985 0 -0 -0 0 -0 -0 0 -0 -0 0 -0 -0 0 -0 -0 0 -0 -0 0 -0 -0 0 -0 -0 0 -0 -0 0 -0 -0 0 -0 -0 -0.188941 0.191813 0.341248 -0.102959 0.0941899 0.28894 -0.165918 0.0356599 0.370294 -0.0599935 0.00984674 0.237271 -0.141928 0.0903895 0.337067 -0.375552 0.0976482 0.474318 -0.658605 0.0537809 0.471118 -0.535851 -0.142583 0.477896 -0.358359 -0.139546 0.458764 -0.671943 -0.0820607 0.462279 -0.922759 0.0067519 0.266888 -0.877237 0.299799 0.133464 -0.777661 0.393739 -0.133693 -0.644584 0.436851 -0.195594 -0.531337 0.34188 -0.363505 
-1.82711 -1.05243 2.46543 -7.70205 24.398 6.67013 3.46695 -8.5213 -0.762047 -0.347563 -0.856357 -0.0470044 -0.332226 -0.268072 -0.292977 -0.0264679 -0.280026 -0.448231 -0.061194 -0.667545 -0.467102 -0.294858 -0.474958 -0.403028 -0.150113 -0.191621 -0.363825 -0.0266021 -0.309878 -0.461677 -0.118374 -0.504422 -0.485765 -0.196248 -0.318671 -0.422618 -0.0840983 -0.210204 -0.39868 -0.0362108 -0.361641 -0.479109 -0.140834 -0.406446 -0.470546 0 0 0 0 0 0 0 0 0 -0 0 0 -0 0 0 -0 0 0 -0 0 0 -0 0 0 -0 0 0 -0 0 0 -0 0 0 -0 0 0 -0 0 0 -0 0 0 -0 0 0 0.299815 -0.181848 -0.242674 0.304463 -0.300292 -0.342665 0.283874 -0.461366 -0.409784 0.309712 -0.630528 -0.37019 -0 0 0 -0 0 0 -0 0 0 -0 0 0 0 0 0 0.00198339 -0.879949 -0.325016 0.125814 -0.74994 -0.414368 0.282714 -0.718436 -0.349798 0.371162 -0.478491 -0.334329 0.422231 -0.428387 -0.258056 0.404537 -0.29325 -0.208816 -0 0 0 -0 0 0 -0 0 0 -0 0 0 -0 0 0 -0 0 0 -0 0 0 -0 0 0 -0 0 0 -0 0 0 -0 0 0 -0 0 0 0.486074 -0.45705 -0.109029 0.482588 -0.560322 -0.116059 0.472732 -0.365524 -0.0918745 0.499748 -0.493072 -0.0142803 0.471485 -0.611858 0.123247 0.486344 -0.465172 0.11071 0.483566 -0.601199 0.076956 -0 0 0 -0 0 0 -0 0 0 -0 0 0 -0 0 0 -0 0 0 -0 0 0 -0 0 0 -0 0 0 -0 0 0 -0 0 0 0.191813 -0.194729 -0.346435 0.0941899 -0.0861679 -0.264332 0.0356599 -0.00766422 -0.0795855 0.00984674 -0.00161615 -0.0389432 0.0903895 -0.0575662 -0.214667 0.0976482 -0.0253898 -0.123329 0.0537809 -0.00439168 -0.0384709 -0.142583 -0.0379394 0.127162 -0.139546 -0.0543394 0.178644 -0.0820607 -0.0100216 0.0564555 0.0067519 -4.94041e-05 -0.00195284 0.299799 -0.102458 -0.0456119 0.393739 -0.199355 0.0676907 0.436851 -0.296064 0.132559 0.34188 -0.219977 0.233891 
4.28021 2.46543 -5.77554 -8.69775 6.67013 21.0718 0.310044 -0.762047 -0.0681488 -0.0190774 -0.0470044 -0.00258002 -0.363091 -0.292977 -0.320195 -0.0423666 -0.448231 -0.717473 -0.0428193 -0.467102 -0.326845 -0.250203 -0.403028 -0.341991 -0.285014 -0.363825 -0.690783 -0.0396337 -0.461677 -0.687839 -0.113996 -0.485765 -0.467799 -0.260263 -0.422618 -0.560473 -0.159504 -0.39868 -0.75615 -0.0479728 -0.479109 -0.634733 -0.163045 -0.470546 -0.544755 0 0 0 0 0 0 0 0 0 -0 0 0 -0 0 0 -0 0 0 -0 0 0 -0 0 0 -0 0 0 -0 0 0 -0 0 0 -0 0 0 -0 0 0 -0 0 0 -0 0 0 0.400099 -0.242674 -0.323845 0.347424 -0.342665 -0.391016 0.252136 -0.409784 -0.363969 0.181836 -0.37019 -0.217343 -0 0 0 -0 0 0 -0 0 0 -0 0 0 0 0 0 0.000732582 -0.325016 -0.120047 0.0695164 -0.414368 -0.228953 0.13765 -0.349798 -0.170313 0.259337 -0.334329 -0.233601 0.254347 -0.258056 -0.15545 0.288061 -0.208816 -0.148692 -0 0 0 -0 0 0 -0 0 0 -0 0 0 -0 0 0 -0 0 0 -0 0 0 -0 0 0 -0 0 0 -0 0 0 -0 0 0 -0 0 0 0.115952 -0.109029 -0.0260086 0.0999583 -0.116059 -0.0240393 0.118821 -0.0918745 -0.0230927 0.0144736 -0.0142803 -0.000413584 -0.0949719 0.123247 -0.0248259 -0.115748 0.11071 -0.0263485 -0.0618985 0.076956 -0.00985069 -0 0 0 -0 0 0 -0 0 0 -0 0 0 -0 0 0 -0 0 0 -0 0 0 -0 0 0 -0 0 0 -0 0 0 -0 0 0 0.341248 -0.346435 -0.61633 0.28894 -0.264332 -0.810873 0.370294 -0.0795855 -0.826418 0.237271 -0.0389432 -0.93839 0.337067 -0.214667 -0.800506 0.474318 -0.123329 -0.599058 0.471118 -0.0384709 -0.337003 0.477896 0.127162 -0.42621 0.458764 0.178644 -0.587302 0.462279 0.0564555 -0.318035 0.266888 -0.00195284 -0.0771912 0.133464 -0.0456119 -0.0203054 -0.133693 0.0676907 -0.0229842 -0.195594 0.132559 -0.0593513 -0.363505 0.233891 -0.248686 
-0.454023 0.282128 0.410231 -1.41055 3.46695 0.310044 26.9194 -5.05804 -3.30202 -8.2906 -3.7637 0.0808375 -0.749714 0.127447 -0.414005 -0.111253 0.0161963 -0.314028 -0.112194 -0.192247 -0.250295 -0.434408 -0.259733 -0.42218 -0.257729 -0.0588311 -0.433409 -0.0374376 -0.0593262 -0.180323 -0.0989183 -0.170999 -0.24473 -0.230681 -0.177379 -0.382105 -0.0850571 -0.0774569 -0.267998 -0.0244346 -0.0715126 -0.136834 -0.104145 -0.164555 -0.257333 -0.113299 -0.117744 -0.294276 0 0 0 0 0 0 0 -0 -0 0 -0 -0 0 -0 -0 0 -0 -0 0 -0 -0 0 -0 -0 0 -0 -0 0 -0 -0 0 -0 -0 0 -0 -0 0 -0 -0 0 -0 -0 -0.520118 0.200428 0.457629 -0.314734 0.238421 0.398537 -0.165408 0.236083 0.286902 -0.147618 0.286198 0.209564 -0.0403934 0.171333 0.096989 -0.0466994 0.202467 0.0593769 -0.0154892 0.121754 0.0206182 -0.00350828 -0.0585068 -0.00853959 -0.00721638 -0.0794311 -0.0292405 -0.00891996 -0.0859753 -0.0380611 -0.00553711 0.0607635 0.042594 -0.0960923 0.247552 0.159927 -0.316992 0.321646 0.336233 -0.479096 0.382976 0.320769 -0.629037 0.338294 0.344828 0 -0 -0 0 -0 -0 0 -0 -0 0 -0 -0 0 -0 -0 0 -0 -0 0 -0 -0 0 -0 -0 0 -0 -0 0 -0 -0 0 -0 -0 -0.498216 0.453161 0.211287 -0.607068 0.468948 0.13647 -0.503793 0.484681 0.122758 -0.759677 0.401982 0.14484 -0.688785 0.462913 -0.00848053 -0.443523 0.470492 -0.159523 -0.604183 0.457215 -0.173494 -0.450529 0.488583 -0.0940187 -0.458609 0.498006 0.016651 0 -0 -0 0 -0 -0 0 -0 -0 0 -0 -0 0 -0 -0 0 -0 -0 0 -0 -0 0 -0 -0 -0.102874 0.172448 0.250106 -0.133521 0.132407 0.313307 -0.161573 0.109986 0.351241 -0.0670549 0.0251518 0.248849 -0.112967 -0.0441077 0.313465 -0.0206457 -0.0316061 0.138638 -0.0778852 -0.0199204 0.267249 -0.307236 -0.0649076 0.456759 -0.578856 -0.177145 0.46087 -0.394481 -0.285835 0.396439 -0.196047 -0.243789 0.313336 -0.417818 -0.35481 0.342572 -0.795865 -0.324171 0.239535 -0.980099 0.0147695 0.138876 -0.929714 0.104298 -0.233384 -0.765299 0.303968 -0.29533 -0.551822 0.192078 -0.458716 
0.282128 -0.175314 -0.254916 3.46695 -8.5213 -0.762047 -5.05804 26.0913 7.78017 -3.7637 -1.70861 0.036698 0.127447 -0.0216651 0.0703782 0.0161963 -0.00235786 0.0457163 -0.192247 -0.32942 -0.428886 -0.259733 -0.155295 -0.252423 -0.0588311 -0.0134292 -0.0989332 -0.0593262 -0.0940124 -0.285752 -0.170999 -0.295605 -0.423063 -0.177379 -0.136393 -0.293814 -0.0774569 -0.0705358 -0.244051 -0.0715126 -0.209296 -0.400471 -0.164555 -0.260007 -0.406602 -0.117744 -0.122364 -0.305823 0 0 0 0 0 0 -0 0 0 -0 0 0 -0 0 0 -0 0 0 -0 0 0 -0 0 0 -0 0 0 -0 0 0 -0 0 0 -0 0 0 -0 0 0 -0 0 0 0.200428 -0.0772351 -0.176348 0.238421 -0.180612 -0.301905 0.236083 -0.336958 -0.40949 0.286198 -0.554876 -0.406299 0.171333 -0.726725 -0.411389 0.202467 -0.877805 -0.257431 0.121754 -0.957065 -0.162071 -0.0585068 -0.975705 -0.142413 -0.0794311 -0.874303 -0.321851 -0.0859753 -0.828675 -0.366853 0.0607635 -0.66681 -0.467421 0.247552 -0.637739 -0.412002 0.321646 -0.326367 -0.341168 0.382976 -0.30614 -0.256413 0.338294 -0.181933 -0.185447 -0 0 0 -0 0 0 -0 0 0 -0 0 0 -0 0 0 -0 0 0 -0 0 0 -0 0 0 -0 0 0 -0 0 0 -0 0 0 0.453161 -0.41218 -0.192179 0.468948 -0.362253 -0.10542 0.484681 -0.466295 -0.118102 0.401982 -0.212708 -0.076642 0.462913 -0.311111 0.00569953 0.470492 -0.499101 0.169223 0.457215 -0.345997 0.131292 0.488583 -0.529851 0.10196 0.498006 -0.540786 -0.0180814 -0 0 0 -0 0 0 -0 0 0 -0 0 0 -0 0 0 -0 0 0 -0 0 0 -0 0 0 0.172448 -0.289074 -0.419251 0.132407 -0.131303 -0.310694 0.109986 -0.0748702 -0.239098 0.0251518 -0.00943422 -0.0933414 -0.0441077 -0.0172217 0.122391 -0.0316061 -0.048385 0.212238 -0.0199204 -0.00509495 0.0683533 -0.0649076 -0.0137126 0.0964965 -0.177145 -0.0542112 0.141038 -0.285835 -0.207112 0.287254 -0.243789 -0.303156 0.389641 -0.35481 -0.301304 0.290912 -0.324171 -0.132041 0.0975672 0.0147695 -0.000222567 -0.00209277 0.104298 -0.0117004 0.0261817 0.303968 -0.120733 0.117302 0.192078 -0.0668584 0.15967 
0.410231 -0.254916 -0.370663 0.310044 -0.762047 -0.0681488 -3.30202 7.78017 20.9893 0.0808375 0.036698 -0.000788206 -0.414005 0.0703782 -0.22862 -0.314028 0.0457163 -0.886389 -0.250295 -0.428886 -0.558387 -0.42218 -0.252423 -0.410297 -0.433409 -0.0989332 -0.728842 -0.180323 -0.285752 -0.86855 -0.24473 -0.423063 -0.605476 -0.382105 -0.293814 -0.632926 -0.267998 -0.244051 -0.844407 -0.136834 -0.400471 -0.76627 -0.257333 -0.406602 -0.635848 -0.294276 -0.305823 -0.764337 0 0 0 0 0 0 -0 0 0 -0 0 0 -0 0 0 -0 0 0 -0 0 0 -0 0 0 -0 0 0 -0 0 0 -0 0 0 -0 0 0 -0 0 0 -0 0 0 0.457629 -0.176348 -0.402647 0.398537 -0.301905 -0.504654 0.286902 -0.40949 -0.497635 0.209564 -0.406299 -0.297506 0.096989 -0.411389 -0.232881 0.0593769 -0.257431 -0.0754961 0.0206182 -0.162071 -0.0274455 -0.00853959 -0.142413 -0.0207864 -0.0292405 -0.321851 -0.118481 -0.0380611 -0.366853 -0.162405 0.042594 -0.467421 -0.327653 0.159927 -0.412002 -0.266168 0.336233 -0.341168 -0.356641 0.320769 -0.256413 -0.214764 0.344828 -0.185447 -0.189029 -0 0 0 -0 0 0 -0 0 0 -0 0 0 -0 0 0 -0 0 0 -0 0 0 -0 0 0 -0 0 0 -0 0 0 -0 0 0 0.211287 -0.192179 -0.0896037 0.13647 -0.10542 -0.0306788 0.122758 -0.118102 -0.0299124 0.14484 -0.076642 -0.0276153 -0.00848053 0.00569953 -0.000104415 -0.159523 0.169223 -0.0573762 -0.173494 0.131292 -0.0498199 -0.0940187 0.10196 -0.0196203 0.016651 -0.0180814 -0.000604556 -0 0 0 -0 0 0 -0 0 0 -0 0 0 -0 0 0 -0 0 0 -0 0 0 -0 0 0 0.250106 -0.419251 -0.608052 0.313307 -0.310694 -0.735176 0.351241 -0.239098 -0.763557 0.248849 -0.0933414 -0.923511 0.313465 0.122391 -0.869811 0.138638 0.212238 -0.930969 0.267249 0.0683533 -0.91702 0.456759 0.0964965 -0.679052 0.46087 0.141038 -0.366932 0.396439 0.287254 -0.398407 0.313336 0.389641 -0.500797 0.342572 0.290912 -0.280878 0.239535 0.0975672 -0.0720939 0.138876 -0.00209277 -0.0196781 -0.233384 0.0261817 -0.0585861 -0.29533 0.117302 -0.113968 -0.458716 0.15967 -0.38132 
-0.000584416 0.0184743 0.0155812 -0.141063 -0.347563 -0.0190774 -8.2906 -3.7637 0.0808375 29.2312 -2.49628 -5.14128 -1.12158 2.10914 -2.34721 -0.100581 -0.105106 0.281811 -0.0729975 0.101176 0.23965 -0.125781 -0.103475 -0.315045 -0.0330733 0.00886264 -0.178608 -0.0227301 0.0240869 0.147083 -0.000752248 -0.0127908 -0.0242503 -0.0722357 -0.0794985 -0.246369 -0.00448216 -0.0115476 -0.065793 -0.00410206 0.0241967 0.0591587 -0.0201395 -0.0656169 -0.124211 -0.0300998 -0.0503815 -0.163265 0 -0 -0 0 -0 -0 0 -0 -0 0 -0 -0 0 -0 -0 0 -0 -0 0 -0 -0 0 -0 -0 0 -0 -0 0 -0 -0 0 -0 -0 0 -0 -0 0 -0 -0 0 -0 -0 -0.664652 0.129859 0.453901 -0.493723 0.209092 0.454138 -0.363653 0.26729 0.399957 -0.334411 0.36005 0.304868 -0.168602 0.315635 0.201371 -0.186231 0.369841 0.121516 -0.099547 0.294314 0.054926 -0.0219844 0.144734 0.0235212 -0.0129656 0.104754 0.0427099 -0.024734 0.138633 0.0700227 -0.120756 0.251535 0.207134 -0.361759 0.376377 0.298714 -0.592707 0.283568 0.401241 -0.68562 0.318224 0.338051 -0.769872 0.254377 0.335353 0 -0 -0 0 -0 -0 0 -0 -0 0 -0 -0 0 -0 -0 0 -0 -0 0 -0 -0 0 -0 -0 0 -0 -0 0 -0 -0 0 -0 -0 0 -0 -0 -0.77321 0.395228 0.138389 -0.733534 0.421986 0.131871 -0.913781 0.248277 0.130932 -0.924805 0.26367 -0.00437475 -0.732659 0.407235 -0.173289 -0.795662 0.365426 -0.170435 -0.65346 0.464862 -0.101752 0 -0 -0 0 -0 -0 0 -0 -0 0 -0 -0 0 -0 -0 0 -0 -0 0 -0 -0 0 -0 -0 0 -0 -0 -0.23485 0.213533 0.366195 -0.271919 0.136842 0.423383 -0.332736 0.0897755 0.462561 -0.199448 -0.00147779 0.399583 -0.251451 -0.104535 0.421065 -0.134342 -0.112481 0.321936 -0.279258 -0.10162 0.436974 -0.489295 -0.144257 0.478618 -0.690562 -0.240495 0.394776 -0.518862 -0.334978 0.370721 -0.372687 -0.338831 0.344942 -0.584 -0.401688 0.28564 -0.817168 -0.344017 0.17623 -0.976529 -0.110936 0.103023 -0.968254 -0.0727707 -0.159507 -0.907698 0.1454 -0.250282 -0.733005 0.0875891 -0.433632 
0.0184743 -0.584002 -0.492547 -0.347563 -0.856357 -0.0470044 -3.7637 -1.70861 0.036698 -2.49628 17.9043 0.956284 2.10914 -3.96625 4.41394 -0.105106 -0.109835 0.294489 0.101176 -0.140233 -0.332161 -0.103475 -0.085125 -0.259175 0.00886264 -0.00237492 0.0478616 0.0240869 -0.0255247 -0.155862 -0.0127908 -0.217488 -0.412339 -0.0794985 -0.0874915 -0.27114 -0.0115476 -0.0297509 -0.169506 0.0241967 -0.142728 -0.348958 -0.0656169 -0.213788 -0.404694 -0.0503815 -0.0843296 -0.273276 -0 0 0 -0 0 0 -0 0 0 -0 0 0 -0 0 0 -0 0 0 -0 0 0 -0 0 0 -0 0 0 -0 0 0 -0 0 0 -0 0 0 -0 0 0 -0 0 0 0.129859 -0.0253716 -0.0886825 0.209092 -0.0885502 -0.192327 0.26729 -0.196462 -0.293974 0.36005 -0.387655 -0.328242 0.315635 -0.59089 -0.37698 0.369841 -0.734479 -0.241323 0.294314 -0.870147 -0.16239 0.144734 -0.95285 -0.154851 0.104754 -0.846344 -0.345069 0.138633 -0.777029 -0.392474 0.251535 -0.523947 -0.431459 0.376377 -0.391585 -0.310784 0.283568 -0.135667 -0.191965 0.318224 -0.147701 -0.156903 0.254377 -0.08405 -0.110806 -0 0 0 -0 0 0 -0 0 0 -0 0 0 -0 0 0 -0 0 0 -0 0 0 -0 0 0 -0 0 0 -0 0 0 -0 0 0 -0 0 0 0.395228 -0.202021 -0.0707377 0.421986 -0.242759 -0.0758623 0.248277 -0.0674578 -0.0355747 0.26367 -0.0751747 0.00124728 0.407235 -0.226354 0.0963193 0.365426 -0.16783 0.0782761 0.464862 -0.330695 0.0723851 -0 0 0 -0 0 0 -0 0 0 -0 0 0 -0 0 0 -0 0 0 -0 0 0 -0 0 0 -0 0 0 0.213533 -0.194151 -0.332957 0.136842 -0.0688652 -0.213066 0.0897755 -0.0242223 -0.124804 -0.00147779 -1.09495e-05 0.00296066 -0.104535 -0.0434577 0.175047 -0.112481 -0.0941777 0.269548 -0.10162 -0.0369787 0.159012 -0.144257 -0.0425307 0.141109 -0.240495 -0.083755 0.137485 -0.334978 -0.216262 0.239338 -0.338831 -0.308051 0.313606 -0.401688 -0.27629 0.19647 -0.344017 -0.144826 0.0741906 -0.110936 -0.0126026 0.0117037 -0.0727707 -0.00546919 -0.011988 0.1454 -0.0232909 0.0400915 0.0875891 -0.0104663 0.0518161 
0.0155812 -0.492547 -0.415413 -0.0190774 -0.0470044 -0.00258002 0.0808375 0.036698 -0.000788206 -5.14128 0.956284 24.8645 -2.34721 4.41394 -4.91217 0.281811 0.294489 -0.789584 0.23965 -0.332161 -0.786769 -0.315045 -0.259175 -0.789094 -0.178608 0.0478616 -0.964552 0.147083 -0.155862 -0.951745 -0.0242503 -0.412339 -0.78176 -0.246369 -0.27114 -0.840273 -0.065793 -0.169506 -0.965767 0.0591587 -0.348958 -0.853169 -0.124211 -0.404694 -0.766073 -0.163265 -0.273276 -0.885571 -0 0 0 -0 0 0 -0 0 0 -0 0 0 -0 0 0 -0 0 0 -0 0 0 -0 0 0 -0 0 0 -0 0 0 -0 0 0 -0 0 0 -0 0 0 -0 0 0 0.453901 -0.0886825 -0.309976 0.454138 -0.192327 -0.417726 0.399957 -0.293974 -0.439885 0.304868 -0.328242 -0.277934 0.201371 -0.37698 -0.240508 0.121516 -0.241323 -0.0792899 0.054926 -0.16239 -0.0303059 0.0235212 -0.154851 -0.0251653 0.0427099 -0.345069 -0.14069 0.0700227 -0.392474 -0.198237 0.207134 -0.431459 -0.355297 0.298714 -0.310784 -0.246656 0.401241 -0.191965 -0.271625 0.338051 -0.156903 -0.166679 0.335353 -0.110806 -0.146078 -0 0 0 -0 0 0 -0 0 0 -0 0 0 -0 0 0 -0 0 0 -0 0 0 -0 0 0 -0 0 0 -0 0 0 -0 0 0 -0 0 0 0.138389 -0.0707377 -0.0247688 0.131871 -0.0758623 -0.023707 0.130932 -0.0355747 -0.0187608 -0.00437475 0.00124728 -2.06946e-05 -0.173289 0.0963193 -0.0409862 -0.170435 0.0782761 -0.036508 -0.101752 0.0723851 -0.0158442 -0 0 0 -0 0 0 -0 0 0 -0 0 0 -0 0 0 -0 0 0 -0 0 0 -0 0 0 -0 0 0 0.366195 -0.332957 -0.570999 0.423383 -0.213066 -0.659216 0.462561 -0.124804 -0.643042 0.399583 0.00296066 -0.800541 0.421065 0.175047 -0.705091 0.321936 0.269548 -0.77148 0.436974 0.159012 -0.683763 0.478618 0.141109 -0.468174 0.394776 0.137485 -0.225683 0.370721 0.239338 -0.264876 0.344942 0.313606 -0.319262 0.28564 0.19647 -0.13971 0.17623 0.0741906 -0.0380058 0.103023 0.0117037 -0.0108688 -0.159507 -0.011988 -0.0262768 -0.250282 0.0400915 -0.0690109 -0.433632 0.0518161 -0.256529 
-0.0348203 -0.0433514 -0.178125 -0.411733 -0.332226 -0.363091 -0.749714 0.127447 -0.414005 -1.12158 2.10914 -2.34721 27.7028 -9.56073 -6.32653 -6.28964 1.15698 4.69023 -0.239701 0.3883 0.177391 -0.0337067 -0.148331 -0.102804 -0.00254028 -0.0159131 -0.0477556 -0.105714 0.151971 0.267289 -0.00962525 0.0720177 0.0659246 -0.0361398 -0.106949 -0.152956 -0.000652779 0.0100293 0.0234897 -0.0250196 0.0907226 0.127134 -0.00475272 -0.0445724 -0.0523779 -0.0133662 -0.0534581 -0.101636 -0.00589946 0.0353844 0.0679162 -0.0221028 0.0908318 0.115602 0 -0 -0 0 -0 -0 0 -0 -0 0 -0 -0 0 -0 -0 0 -0 -0 0 -0 -0 0 -0 -0 0 -0 -0 0 -0 -0 0 -0 -0 0 -0 -0 -0.753603 0.244092 0.355112 -0.579624 0.322647 0.373576 -0.438753 0.38197 0.316777 -0.372359 0.435677 0.209507 -0.200945 0.376446 0.137311 -0.202584 0.399076 0.0477693 0 -0 -0 -0.0389326 0.193433 -0.000630658 -0.0295328 0.165836 0.0340457 -0.0510398 0.214388 0.0497233 -0.168994 0.34445 0.147613 -0.398479 0.466815 0.147572 -0.65052 0.418432 0.228602 -0.705504 0.416281 0.185682 0 -0 -0 0 -0 -0 0 -0 -0 0 -0 -0 0 -0 -0 0 -0 -0 0 -0 -0 0 -0 -0 0 -0 -0 0 -0 -0 0 -0 -0 0 -0 -0 0 -0 -0 0 -0 -0 -0.674905 0.468078 -0.0176443 -0.85295 0.351401 -0.0440859 -0.787073 0.364277 -0.186791 -0.594925 0.416123 -0.260444 -0.681227 0.392507 -0.251187 0 -0 0 0 -0 0 0 -0 -0 0 -0 -0 0 -0 -0 0 -0 -0 0 -0 -0 0 -0 -0 0 -0 -0 0 -0 -0 0 -0 -0 -0.361557 0.236588 0.418162 -0.459278 0.210237 0.451821 -0.325989 0.0862414 0.460742 -0.408434 -0.0509169 0.4889 -0.287248 -0.0919829 0.44303 -0.521564 0.00449155 0.499515 -0.71093 -0.0370432 0.451815 -0.8915 -0.123079 0.285621 -0.735573 -0.296088 0.32686 -0.641314 -0.343662 0.334555 -0.869736 -0.308645 0.13429 -0.961938 -0.191219 -0.00693618 -0.986659 0.0668921 -0.0932115 -0.864279 0.117091 -0.321854 -0.770336 0.245592 -0.341472 -0.617804 0.17628 -0.452822 
-0.0433514 -0.0539727 -0.221766 -0.332226 -0.268072 -0.292977 0.127447 -0.0216651 0.0703782 2.10914 -3.96625 4.41394 -9.56073 17.911 3.43874 1.15698 -0.212826 -0.862766 0.3883 -0.62902 -0.287362 -0.148331 -0.652747 -0.452401 -0.0159131 -0.0996851 -0.299157 0.151971 -0.218469 -0.384246 0.0720177 -0.538848 -0.493259 -0.106949 -0.316495 -0.452646 0.0100293 -0.154089 -0.360894 0.0907226 -0.328965 -0.460995 -0.0445724 -0.418012 -0.491214 -0.0534581 -0.213805 -0.406491 0.0353844 -0.212232 -0.407354 0.0908318 -0.373275 -0.475069 -0 0 0 -0 0 0 -0 0 0 -0 0 0 -0 0 0 -0 0 0 -0 0 0 -0 0 0 -0 0 0 -0 0 0 -0 0 0 -0 0 0 0.244092 -0.0790613 -0.115021 0.322647 -0.179601 -0.207951 0.38197 -0.332535 -0.27578 0.435677 -0.509762 -0.245133 0.376446 -0.705226 -0.257236 0.399076 -0.786152 -0.094102 -0 0 0 0.193433 -0.961057 0.00313337 0.165836 -0.931219 -0.191177 0.214388 -0.900519 -0.208858 0.34445 -0.702069 -0.30087 0.466815 -0.546869 -0.172879 0.418432 -0.269146 -0.147043 0.416281 -0.245626 -0.109562 -0 0 0 -0 0 0 -0 0 0 -0 0 0 -0 0 0 -0 0 0 -0 0 0 -0 0 0 -0 0 0 -0 0 0 -0 0 0 -0 0 0 -0 0 0 -0 0 0 0.468078 -0.324634 0.0122371 0.351401 -0.144771 0.0181626 0.364277 -0.168597 0.0864517 0.416123 -0.291059 0.182169 0.392507 -0.226154 0.144728 -0 0 -0 -0 0 -0 -0 0 0 -0 0 0 -0 0 0 -0 0 0 -0 0 0 -0 0 0 -0 0 0 -0 0 0 -0 0 0 0.236588 -0.154814 -0.273629 0.210237 -0.0962374 -0.206824 0.0862414 -0.0228154 -0.12189 -0.0509169 -0.00634749 0.0609481 -0.0919829 -0.0294549 0.141868 0.00449155 -3.86798e-05 -0.00430167 -0.0370432 -0.00193014 0.0235419 -0.123079 -0.0169922 0.0394325 -0.296088 -0.119183 0.13157 -0.343662 -0.184159 0.179278 -0.308645 -0.109529 0.0476556 -0.191219 -0.0380117 -0.00137881 0.0668921 -0.00453506 0.00631942 0.117091 -0.0158633 0.0436043 0.245592 -0.0782974 0.108865 0.17628 -0.0502987 0.129205 
-0.178125 -0.221766 -0.911207 -0.363091 -0.292977 -0.320195 -0.414005 0.0703782 -0.22862 -2.34721 4.41394 -4.91217 -6.32653 3.43874 23.3862 4.69023 -0.862766 -3.49753 0.177391 -0.287362 -0.131279 -0.102804 -0.452401 -0.313546 -0.0477556 -0.299157 -0.897775 0.267289 -0.384246 -0.675817 0.0659246 -0.493259 -0.451527 -0.152956 -0.452646 -0.647365 0.0234897 -0.360894 -0.845259 0.127134 -0.460995 -0.646015 -0.0523779 -0.491214 -0.577235 -0.101636 -0.406491 -0.772829 0.0679162 -0.407354 -0.781869 0.115602 -0.475069 -0.604622 -0 0 0 -0 0 0 -0 0 0 -0 0 0 -0 0 0 -0 0 0 -0 0 0 -0 0 0 -0 0 0 -0 0 0 -0 0 0 -0 0 0 0.355112 -0.115021 -0.167336 0.373576 -0.207951 -0.240775 0.316777 -0.27578 -0.228712 0.209507 -0.245133 -0.117879 0.137311 -0.257236 -0.0938289 0.0477693 -0.094102 -0.011264 -0 0 0 -0.000630658 0.00313337 -1.02158e-05 0.0340457 -0.191177 -0.0392483 0.0497233 -0.208858 -0.0484408 0.147613 -0.30087 -0.128937 0.147572 -0.172879 -0.0546516 0.228602 -0.147043 -0.0803338 0.185682 -0.109562 -0.0488699 -0 0 0 -0 0 0 -0 0 0 -0 0 0 -0 0 0 -0 0 0 -0 0 0 -0 0 0 -0 0 0 -0 0 0 -0 0 0 -0 0 0 -0 0 0 -0 0 0 -0.0176443 0.0122371 -0.00046128 -0.0440859 0.0181626 -0.00227864 -0.186791 0.0864517 -0.04433 -0.260444 0.182169 -0.114017 -0.251187 0.144728 -0.0926195 0 -0 0 0 -0 0 -0 0 0 -0 0 0 -0 0 0 -0 0 0 -0 0 0 -0 0 0 -0 0 0 -0 0 0 -0 0 0 0.418162 -0.273629 -0.483629 0.451821 -0.206824 -0.444485 0.460742 -0.12189 -0.651195 0.4889 0.0609481 -0.585218 0.44303 0.141868 -0.683297 0.499515 -0.00430167 -0.478397 0.451815 0.0235419 -0.28714 0.285621 0.0394325 -0.091508 0.32686 0.13157 -0.145243 0.334555 0.179278 -0.174527 0.13429 0.0476556 -0.0207347 -0.00693618 -0.00137881 -5.00142e-05 -0.0932115 0.00631942 -0.00880587 -0.321854 0.0436043 -0.119857 -0.341472 0.108865 -0.151366 -0.452822 0.129205 -0.331897 
-0.0477127 0.0505851 0.207068 -0.00250174 -0.0264679 -0.0423666 -0.111253 0.0161963 -0.314028 -0.100581 -0.105106 0.281811 -6.28964 1.15698 4.69023 27.62 -6.31472 -5.58482 -0.0786099 -0.880941 0.0621459 -0.533094 -0.49073 -0.0899404 -0.422377 -0.178202 -0.460672 -0.0020602 -0.0265494 -0.0367571 -0.0597749 -0.198072 -0.130267 -0.266525 -0.288192 -0.335313 -0.0675543 -0.107061 -0.226999 -0.00426077 -0.0415575 -0.0501556 -0.0852813 -0.196942 -0.198046 -0.105793 -0.153583 -0.266483 -0.00958621 -0.0479131 -0.0848449 -8.9923e-05 -0.00626948 -0.00711397 -0.040225 0.130115 0.147231 0 -0 -0 0 -0 -0 0 -0 -0 0 -0 -0 0 -0 -0 0 -0 -0 0 -0 -0 0 -0 -0 0 -0 -0 0 -0 -0 -0.791696 0.241112 0.32677 -0.772585 0.274225 0.317014 -0.550697 0.363609 0.339439 -0.356215 0.406048 0.253872 -0.275042 0.425478 0.135507 -0.103823 0.29755 0.0671407 -0.101159 0.301492 -0.00533012 -0.0439442 0.20422 -0.0175311 -0.00140907 0.0371987 -0.0048317 -9.69157e-05 0.00981102 0.000806316 -0.000638426 0.0251873 0.00190232 -0.0531231 0.217695 0.0539416 -0.243763 0.427822 0.0362029 -0.583289 0.479264 0.115625 -0.663772 0.464011 0.0887304 -0.789245 0.388539 0.123994 0 -0 -0 0 -0 -0 0 -0 -0 0 -0 -0 0 -0 -0 0 -0 -0 0 -0 -0 0 -0 -0 0 -0 -0 0 -0 -0 0 -0 -0 -0.594971 0.489736 0.0337561 -0.663986 0.463595 -0.0904918 -0.570811 0.475883 -0.136092 -0.774953 0.365555 -0.201917 -0.599511 0.337801 -0.354948 -0.400976 0.352374 -0.340627 -0.537388 0.360952 -0.34397 -0.447419 0.427606 -0.253749 0 -0 0 0 -0 0 0 -0 -0 0 -0 -0 0 -0 -0 0 -0 -0 0 -0 -0 -0.146342 0.324041 0.141151 -0.256615 0.37478 0.224285 -0.22472 0.301592 0.288554 -0.296894 0.243651 0.3865 -0.404309 0.227652 0.434762 -0.23821 0.0730396 0.41968 -0.332851 -0.0858849 0.463341 -0.156453 -0.115394 0.34447 -0.4519 -0.0478608 0.495374 -0.727944 -0.100079 0.433619 -0.915417 -0.211721 0.180563 -0.685599 -0.395442 0.243266 -0.516844 -0.450862 0.215498 -0.731817 -0.435703 -0.0801503 -0.86825 -0.271761 -0.20134 -0.902521 0.0322123 -0.294854 -0.629509 0.0747641 -0.477114 -0.577365 0.205968 -0.44899 -0.408979 0.128677 -0.474508 
0.0505851 -0.0536304 -0.219534 -0.0264679 -0.280026 -0.448231 0.0161963 -0.00235786 0.0457163 -0.105106 -0.109835 0.294489 1.15698 -0.212826 -0.862766 -6.31472 30.2039 6.0698 -0.880941 -9.87226 0.696437 -0.49073 -0.451732 -0.0827929 -0.178202 -0.0751841 -0.194359 -0.0265494 -0.342137 -0.473682 -0.198072 -0.656337 -0.431655 -0.288192 -0.311621 -0.362572 -0.107061 -0.169671 -0.359751 -0.0415575 -0.405332 -0.489194 -0.196942 -0.454804 -0.457352 -0.153583 -0.222961 -0.386861 -0.0479131 -0.239476 -0.424065 -0.00626948 -0.437111 -0.49599 0.130115 -0.420879 -0.476246 -0 0 0 -0 0 0 -0 0 0 -0 0 0 -0 0 0 -0 0 0 -0 0 0 -0 0 0 -0 0 0 -0 0 0 0.241112 -0.0734308 -0.0995183 0.274225 -0.0973349 -0.112523 0.363609 -0.24008 -0.224121 0.406048 -0.462852 -0.289388 0.425478 -0.658197 -0.209624 0.29755 -0.852758 -0.19242 0.301492 -0.89856 0.0158858 0.20422 -0.949062 0.0814717 0.0371987 -0.982023 0.127554 0.00981102 -0.993195 -0.0816254 0.0251873 -0.993693 -0.0750508 0.217695 -0.892104 -0.22105 0.427822 -0.75086 -0.0635388 0.479264 -0.393791 -0.0950042 0.464011 -0.324367 -0.0620271 0.388539 -0.191275 -0.0610413 -0 0 0 -0 0 0 -0 0 0 -0 0 0 -0 0 0 -0 0 0 -0 0 0 -0 0 0 -0 0 0 -0 0 0 -0 0 0 0.489736 -0.403114 -0.0277855 0.463595 -0.323682 0.0631814 0.475883 -0.396742 0.11346 0.365555 -0.172437 0.0952467 0.337801 -0.190338 0.199999 0.352374 -0.309663 0.29934 0.360952 -0.242444 0.231037 0.427606 -0.40867 0.242512 -0 0 -0 -0 0 -0 -0 0 0 -0 0 0 -0 0 0 -0 0 0 -0 0 0 0.324041 -0.717513 -0.312547 0.37478 -0.547356 -0.327563 0.301592 -0.404761 -0.387262 0.243651 -0.199956 -0.317187 0.227652 -0.128182 -0.244799 0.0730396 -0.0223953 -0.128682 -0.0858849 -0.0221607 0.119555 -0.115394 -0.0851099 0.254068 -0.0478608 -0.00506895 0.0524652 -0.100079 -0.0137591 0.0596149 -0.211721 -0.0489678 0.0417613 -0.395442 -0.228085 0.140312 -0.450862 -0.393304 0.187987 -0.435703 -0.259405 -0.0477192 -0.271761 -0.085061 -0.0630191 0.0322123 -0.0011497 0.0105238 0.0747641 -0.00887941 0.0566647 0.205968 -0.0734767 0.160172 0.128677 -0.0404855 0.149294 
0.207068 -0.219534 -0.898657 -0.0423666 -0.448231 -0.717473 -0.314028 0.0457163 -0.886389 0.281811 0.294489 -0.789584 4.69023 -0.862766 -3.49753 -5.58482 6.0698 21.1761 0.0621459 0.696437 -0.0491301 -0.0899404 -0.0827929 -0.0151742 -0.460672 -0.194359 -0.502438 -0.0367571 -0.473682 -0.655803 -0.130267 -0.431655 -0.283888 -0.335313 -0.362572 -0.421854 -0.226999 -0.359751 -0.762775 -0.0501556 -0.489194 -0.590407 -0.198046 -0.457352 -0.459915 -0.266483 -0.386861 -0.671246 -0.0848449 -0.424065 -0.750938 -0.00711397 -0.49599 -0.562799 0.147231 -0.476246 -0.538896 -0 0 0 -0 0 0 -0 0 0 -0 0 0 -0 0 0 -0 0 0 -0 0 0 -0 0 0 -0 0 0 -0 0 0 0.32677 -0.0995183 -0.134874 0.317014 -0.112523 -0.13008 0.339439 -0.224121 -0.209223 0.253872 -0.289388 -0.180933 0.135507 -0.209624 -0.0667615 0.0671407 -0.19242 -0.0434187 -0.00533012 0.0158858 -0.000280847 -0.0175311 0.0814717 -0.0069939 -0.0048317 0.127554 -0.0165679 0.000806316 -0.0816254 -0.00670836 0.00190232 -0.0750508 -0.00566837 0.0539416 -0.22105 -0.0547726 0.0362029 -0.0635388 -0.00537674 0.115625 -0.0950042 -0.0229203 0.0887304 -0.0620271 -0.0118611 0.123994 -0.0610413 -0.01948 -0 0 0 -0 0 0 -0 0 0 -0 0 0 -0 0 0 -0 0 0 -0 0 0 -0 0 0 -0 0 0 -0 0 0 -0 0 0 0.0337561 -0.0277855 -0.00191518 -0.0904918 0.0631814 -0.0123328 -0.136092 0.11346 -0.0324471 -0.201917 0.0952467 -0.0526101 -0.354948 0.199999 -0.210152 -0.340627 0.29934 -0.289361 -0.34397 0.231037 -0.220167 -0.253749 0.242512 -0.143911 0 -0 0 0 -0 0 -0 0 0 -0 0 0 -0 0 0 -0 0 0 -0 0 0 0.141151 -0.312547 -0.136145 0.224285 -0.327563 -0.196028 0.288554 -0.387262 -0.370519 0.3865 -0.317187 -0.50315 0.434762 -0.244799 -0.467509 0.41968 -0.128682 -0.739395 0.463341 0.119555 -0.644988 0.34447 0.254068 -0.758437 0.495374 0.0524652 -0.543031 0.433619 0.0596149 -0.258296 0.180563 0.0417613 -0.0356153 0.243266 0.140312 -0.0863164 0.215498 0.187987 -0.0898518 -0.0801503 -0.0477192 -0.00877826 -0.20134 -0.0630191 -0.0466889 -0.294854 0.0105238 -0.0963288 -0.477114 0.0566647 -0.361611 -0.44899 0.160172 -0.349159 -0.474508 0.149294 -0.550536 
-0.0241518 0.0909067 0.123711 -0.00560967 -0.061194 -0.0428193 -0.112194 -0.192247 -0.250295 -0.0729975 0.101176 0.23965 -0.239701 0.3883 0.177391 -0.0786099 -0.880941 0.0621459 34.9221 -4.5244 0.412984 -9.36614 0.32589 -2.41467 -0.300231 0.238845 -0.39121 -0.000218055 -0.00113153 0.0147216 -0.0853376 -0.149091 -0.236277 -0.322556 -0.114658 -0.453175 -0.0599801 -0.0126128 -0.237115 -0.00186689 -0.0161189 -0.0400448 -0.0995426 -0.149963 -0.259123 -0.109074 -0.0804932 -0.301161 -0.00699406 -0.0232932 -0.0800161 -0.000141253 0.00589294 0.0103202 -0.060147 0.119898 0.205314 -0.0587872 0.117989 0.203494 0 -0 -0 0 -0 -0 0 -0 -0 -0.341288 0.203596 0.428204 0 -0 -0 0 -0 -0 0 -0 -0 0 -0 -0 0 -0 -0 -0.845285 0.0684712 0.355091 -0.846304 0.0632807 0.355062 -0.676742 0.204409 0.420689 -0.526956 0.327001 0.377284 -0.434274 0.444525 0.219266 -0.184516 0.368563 0.120962 -0.179872 0.38408 -0.000442489 -0.0768683 0.26532 -0.0237702 -0.00508625 0.0703907 -0.0102727 -0.00138554 0.0369107 0.00460672 -0.00475353 0.0681896 0.00900669 -0.128762 0.309702 0.127544 -0.515617 0.490228 0.0971207 -0.867841 0.277969 0.193458 -0.871788 0.306626 0.133244 -0.9231 0.214517 0.158014 -0.848262 0.294798 0.20447 0 -0 -0 0 -0 -0 0 -0 -0 0 -0 -0 0 -0 -0 0 -0 -0 0 -0 -0 0 -0 -0 0 -0 -0 0 -0 -0 -0.756709 0.425534 0.05497 -0.835661 0.357845 -0.0963236 -0.788733 0.373899 -0.163807 -0.932399 0.129607 -0.215018 -0.768539 0.0817838 -0.413761 -0.554871 0.236233 -0.437245 -0.671314 0.239308 -0.404207 -0.591994 0.377475 -0.314722 -0.641516 0.443942 -0.181353 -0.521929 0.494573 -0.0701206 0 -0 -0 0 -0 -0 0 -0 -0 0 -0 -0 0 -0 -0 -0.216806 0.356008 0.207508 -0.359203 0.363699 0.312888 -0.304691 0.252134 0.385075 -0.36023 0.130677 0.461939 -0.467917 0.0361251 0.49766 -0.248378 -0.0817008 0.424278 -0.290373 -0.221634 0.39615 -0.125358 -0.203766 0.261004 -0.344826 -0.297347 0.370817 -0.592829 -0.336873 0.35763 -0.725583 -0.417825 0.156634 -0.504898 -0.463998 0.186232 -0.321404 -0.445543 0.139981 -0.45141 -0.496722 -0.0301024 -0.674768 -0.448837 -0.134169 -0.849617 -0.256375 -0.249078 -0.632188 -0.191022 -0.442761 -0.652485 0.00246753 -0.476174 -0.452456 -0.0209958 -0.497291 
0.0909067 -0.342171 -0.465646 -0.061194 -0.667545 -0.467102 -0.192247 -0.32942 -0.428886 0.101176 -0.140233 -0.332161 0.3883 -0.62902 -0.287362 -0.880941 -9.87226 0.696437 -4.5244 27.7864 4.49588 0.32589 -0.0113392 0.0840172 0.238845 -0.19001 0.311222 -0.00113153 -0.00587171 0.0763934 -0.149091 -0.260473 -0.412794 -0.114658 -0.040757 -0.161088 -0.0126128 -0.00265224 -0.049861 -0.0161189 -0.139172 -0.34575 -0.149963 -0.225923 -0.390375 -0.0804932 -0.0594013 -0.222247 -0.0232932 -0.0775764 -0.266488 0.00589294 -0.245848 -0.430549 0.119898 -0.239005 -0.409275 0.117989 -0.23681 -0.408423 -0 0 0 -0 0 0 -0 0 0 0.203596 -0.121456 -0.255447 -0 0 0 -0 0 0 -0 0 0 -0 0 0 -0 0 0 0.0684712 -0.00554642 -0.0287637 0.0632807 -0.00473169 -0.0265491 0.204409 -0.0617413 -0.127068 0.327001 -0.20292 -0.234123 0.444525 -0.455018 -0.224442 0.368563 -0.736186 -0.241615 0.38408 -0.820127 0.000944847 0.26532 -0.915781 0.0820455 0.0703907 -0.974166 0.142168 0.0369107 -0.983298 -0.122723 0.0681896 -0.978181 -0.129201 0.309702 -0.744901 -0.306771 0.490228 -0.466089 -0.0923384 0.277969 -0.0890336 -0.0619647 0.306626 -0.107847 -0.0468647 0.214517 -0.049851 -0.0367205 0.294798 -0.102451 -0.0710597 -0 0 0 -0 0 0 -0 0 0 -0 0 0 -0 0 0 -0 0 0 -0 0 0 -0 0 0 -0 0 0 -0 0 0 0.425534 -0.239298 -0.0309123 0.357845 -0.153236 0.0412475 0.373899 -0.177247 0.0776527 0.129607 -0.0180157 0.0298883 0.0817838 -0.008703 0.0440302 0.236233 -0.100575 0.186154 0.239308 -0.085308 0.144091 0.377475 -0.24069 0.200677 0.443942 -0.307217 0.1255 0.494573 -0.468651 0.0664454 -0 0 0 -0 0 0 -0 0 0 -0 0 0 -0 0 0 0.356008 -0.584586 -0.34074 0.363699 -0.368252 -0.316805 0.252134 -0.208643 -0.318652 0.130677 -0.047404 -0.167572 0.0361251 -0.002789 -0.0384214 -0.0817008 -0.0268744 0.13956 -0.221634 -0.169167 0.302371 -0.203766 -0.331216 0.424254 -0.297347 -0.256406 0.31976 -0.336873 -0.191427 0.203222 -0.417825 -0.240604 0.0901973 -0.463998 -0.426411 0.171146 -0.445543 -0.61763 0.194047 -0.496722 -0.546583 -0.0331241 -0.448837 -0.298554 -0.0892453 -0.256375 -0.0773619 -0.07516 -0.191022 -0.0577192 -0.133784 0.00246753 -9.33155e-06 0.00180077 -0.0209958 -0.000974293 -0.0230764 
0.123711 -0.465646 -0.633677 -0.0428193 -0.467102 -0.326845 -0.250295 -0.428886 -0.558387 0.23965 -0.332161 -0.786769 0.177391 -0.287362 -0.131279 0.0621459 0.696437 -0.0491301 0.412984 4.49588 21.2916 -2.41467 0.0840172 -0.622521 -0.39121 0.311222 -0.509759 0.0147216 0.0763934 -0.99391 -0.236277 -0.412794 -0.654189 -0.453175 -0.161088 -0.636687 -0.237115 -0.049861 -0.937368 -0.0400448 -0.34575 -0.858961 -0.259123 -0.390375 -0.674535 -0.301161 -0.222247 -0.831524 -0.0800161 -0.266488 -0.91543 0.0103202 -0.430549 -0.754011 0.205314 -0.409275 -0.700848 0.203494 -0.408423 -0.704403 -0 0 0 -0 0 0 -0 0 0 0.428204 -0.255447 -0.537257 -0 0 0 -0 0 0 -0 0 0 -0 0 0 -0 0 0 0.355091 -0.0287637 -0.149168 0.355062 -0.0265491 -0.148964 0.420689 -0.127068 -0.261516 0.377284 -0.234123 -0.270124 0.219266 -0.224442 -0.110708 0.120962 -0.241615 -0.079298 -0.000442489 0.000944847 -1.08853e-06 -0.0237702 0.0820455 -0.00735051 -0.0102727 0.142168 -0.0207479 0.00460672 -0.122723 -0.0153167 0.00900669 -0.129201 -0.0170653 0.127544 -0.306771 -0.126337 0.0971207 -0.0923384 -0.0182935 0.193458 -0.0619647 -0.0431255 0.133244 -0.0468647 -0.020365 0.158014 -0.0367205 -0.0270485 0.20447 -0.0710597 -0.0492865 -0 0 0 -0 0 0 -0 0 0 -0 0 0 -0 0 0 -0 0 0 -0 0 0 -0 0 0 -0 0 0 -0 0 0 0.05497 -0.0309123 -0.00399322 -0.0963236 0.0412475 -0.0111029 -0.163807 0.0776527 -0.03402 -0.215018 0.0298883 -0.0495849 -0.413761 0.0440302 -0.222758 -0.437245 0.186154 -0.344555 -0.404207 0.144091 -0.243378 -0.314722 0.200677 -0.167316 -0.181353 0.1255 -0.0512675 -0.0701206 0.0664454 -0.00942063 -0 0 0 -0 0 0 -0 0 0 -0 0 0 -0 0 0 0.207508 -0.34074 -0.198608 0.312888 -0.316805 -0.272545 0.385075 -0.318652 -0.486666 0.461939 -0.167572 -0.592366 0.49766 -0.0384214 -0.529294 0.424278 0.13956 -0.724747 0.39615 0.302371 -0.54046 0.261004 0.424254 -0.543426 0.370817 0.31976 -0.398769 0.35763 0.203222 -0.215744 0.156634 0.0901973 -0.0338131 0.186232 0.171146 -0.0686918 0.139981 0.194047 -0.0609657 -0.0301024 -0.0331241 -0.00200739 -0.134169 -0.0892453 -0.0266776 -0.249078 -0.07516 -0.0730207 -0.442761 -0.133784 -0.310093 -0.476174 0.00180077 -0.347505 -0.497291 -0.0230764 -0.54657 
